0.108454 0.027328
0.146351 0.074142
0.182019 0.206781
0.204311 0.308211
0.216572 0.431933
0.23552 0.52779
0.319117 0.563457
0.36165 0.633098
0.437087 0.724586
0.501289 0.832124
0.719575 1.03596
0.986013 1.41475
1.07269 1.44525
1.15775 1.55439
1.26368 1.55279
1.37604 1.65391
1.45148 1.66354
1.53333 1.70206
1.63766 1.72774
1.75001 1.77107
2.13201 2.04714
2.41129 2.12098
2.636 2.13702
2.89762 2.13863
3.10628 2.12739
3.29567 2.11937
3.50754 2.02146
3.99547 2.05838
4.52353 2.04554
5.91671 2.03591
6.21685 2.02146
6.39662 2.10653
6.65824 2.20925
6.81874 2.29271
6.92468 2.37297
7.05469 2.44359
7.1879 2.56397
7.5041 2.92671
7.79461 3.3392
7.88449 3.46921
7.90288 3.60088
7.95558 3.71737
7.99441 3.85881
8.06097 4.00858
8.13031 4.13894
8.2884 4.37192
8.43817 4.53001
8.66283 4.67145
8.8958 4.69364
9.06499 4.69364
9.26468 4.74357
9.80274 4.73802
10.1328 4.73247
10.5211 4.71861
10.8151 4.72415
10.9121 4.72138
11.4558 4.72692
11.9689 4.71861
12.1713 4.70751
12.3627 4.70474
12.5735 4.63263
12.6706 4.54387
12.776 4.4468
13.0694 4.0463
13.2857 4.02301
13.512 4.00304
13.6385 3.97308
13.9081 3.93647
14.0978 3.86658
14.2609 3.76673
14.3341 3.69684
14.414 3.6336
14.5438 3.50048
14.637 3.4206
14.7535 3.32408
14.9032 3.23089
15.1529 3.06448
15.2627 2.97462
15.6221 2.76494
15.7852 2.60851
15.915 2.55526
16.1081 2.4654
16.351 2.35557
16.6406 2.24241
16.9667 2.13258
17.3328 2.02607
17.6457 1.94287
